38
82
38
80
90
45
28
20
35
40
38
97
94
7
78
36
28
26
26
21
89
19
64
80
84
3
13
71
52
34
67
62
37
33
43
67
39
90
83
77
12
20
35
52
71
8
52
8
85
61
44
68
51
8
86
18
17
57
95
86
31
57
67
1
72
75
59
61
63
10
96
37
42
49
8
68
84
12
9
76
51
5
86
91
89
98
11
29
46
24
50
81
95
96
45
55
53
34
79
95
48
90
44
74
65
6
25
2
99
18
34
4
48
18
35
26
70
75
11
73
64
30
14
38
60
14
42
46
3
53
14
49
33
14
28
60
60
11
26
83
73
9
29
28
90
46
33
76
61
19
84
77
23
6
31
18
75
5
14
50
64
79
98
46
3
85
71
34
90
74
65
59
49
28
0
55
0
86
48
14
80
66
84
84
68
36
26
27
82
9
84
55
97
76
19
93
10
83
25
4
74
99
85
86
53
25
28
95
5
75
17
89
56
0
69
97
94
14
77
66
58
44
51
80
90
10
61
73
8
6
44
16
61
44
39
81
80
97
30
43
8
31
21
7
92
95
98
96
6
21
98
96
6
58
46
30
48
4
96
43
63
55
86
99
31
1
28
12
60
88
17
97
83
33
58
26
23
44
88
95
11
65
66
87
7
48
9
2
97
9
33
75
0
87
80
52
45
21
75
91
66
86
36
17
3
1
12
73
0
19
6
4
16
1
31
98
88
98
92
82
91
26
14
51
55
41
96
96
52
6
81
1
68
97
28
25
28
49
83
5
35
36
1
78
2
28
59
98
55
82
63
47
29
92
0
40
71
84
62
62
4
16
20
94
38
5
35
19
73
6
69
39
14
86
47
54
24
36
48
26
82
98
40
70
42
34
71
75
97
88
53
44
86
21
1
18
16
7
40
97
92
40
25
48
13
23
32
43
45
45
15
35
36
35
80
6
75
49
51
3
33
60
22
84
52
25
53
92
84
28
38
16
96
51
33
41
72
91
57
19
1
28
30
51
72
18
7
50
41
94
42
66
56
36
63
32
18
40
96
87
70
39
58
16
7
99
38
84
1
38
33
83
92
31
1
5
30
70
11
33
17
2
51
90
86
71
59
59
88
1
23
31
95
69
49
62
69
13
44
73
